20
5
11
6
5
13
11
10
6
10
5
12
15
8
1
15
6
5
1
7
7
3
5
4
8
5
1
7
10
2
9
10
5
1
2
15
10
6
4
5
3
12
8
10
13
9
9
12
6
7
11
8
11
1
9
2
6
10
6
15
13
13
3
6
8
2
6
10
5
2
2
2
13
13
8
14
5
1
2
10
4
2
12
9
8
7
2
9
6
4
1
10
4
5
15
9
14
1
8
13
7
8
10
11
13
4
9
9
15
15
4
12
1
1
14
8
9
15
6
13
5
13
3
8
2
10
2
15
9
11
6
10
3
10
8
3
9
6
13
13
1
12
7
9
3
7
2
10
2
7
5
7
12
6
3
12
9
7
14
14
13
3
4
11
4
14
4
7
14
2
13
14
9
1
1
15
12
13
2
12
1
3
3
3
7
1
6
9
2
5
11
8
13
1
7
10
2
7
7
3
6
4
14
1
3
10
13
7
10
6
12
7
7
15
1
9
2
13
7
13
12
11
12
13
1
7
5
6
2
6
12
8
6
6
7
10
2
15
7
9
7
3
10
5
11
1
8
11
7
10
3
7
1
2
9
13
7
5
8
2
5
11
2
12
14
13
15
8
1
5
6
7
4
9
6
7
10
1
2
14
3
7
5
5
2
8
2
10
3
2
5
6
14
3
2
11
1
3
4
6
2
8
10
13
9
3
12
8
3
4
1
10
9
10
8
15
8
3
12
5
5
13
9
9
3
1
3
13
10
8
2
10
2
10
7
2
14
4
12
14
7
8
10
1
6
14
14
4
5
9
14
9
13
5
3
7
13
6
6
15
5
15
8
9
10
8
8
9
8
10
15
15
8
2
15
5
14
3
11
10
1
13
8
3
7
13
7
1
2
9
7
7
9
7
9
6
11
4
1
4
6
